Epoch		Train-loss		Test-loss		Train-IoU		Test-IoU		learningRate
1		0.9662		0.7903		0.0000		0.2425		0.00050000
1		0.9891		0.9024		0.0000		0.2141		0.00050000
2		0.6909		0.8336		0.0000		0.2472		0.00049775
3		0.5944		0.6188		0.0000		0.3044		0.00049550
4		0.5314		0.5553		0.0000		0.3405		0.00049324
5		0.4907		0.5164		0.0000		0.3499		0.00049099
6		0.4533		0.5329		0.0000		0.3606		0.00048874
7		0.4275		0.4651		0.0000		0.4065		0.00048648
8		0.4103		0.4533		0.0000		0.4044		0.00048422
9		0.3933		0.4430		0.0000		0.4259		0.00048196
10		0.3772		0.4695		0.0000		0.4109		0.00047970
11		0.3614		0.4210		0.0000		0.4359		0.00047744
12		0.3474		0.3942		0.0000		0.4743		0.00047518
13		0.3505		0.3840		0.0000		0.4668		0.00047292
14		0.3281		0.3797		0.0000		0.4787		0.00047065
15		0.3198		0.3916		0.0000		0.4590		0.00046839
16		0.3137		0.3592		0.0000		0.4831		0.00046612
17		0.2980		0.3893		0.0000		0.4786		0.00046385
18		0.3108		0.4086		0.0000		0.4729		0.00046158
19		0.2947		0.4134		0.0000		0.4708		0.00045931
20		0.2828		0.3435		0.0000		0.5208		0.00045704
21		0.2801		0.3545		0.0000		0.4922		0.00045477
22		0.2769		0.3380		0.0000		0.5154		0.00045249
23		0.2724		0.3330		0.0000		0.5181		0.00045022
24		0.2669		0.3179		0.0000		0.5370		0.00044794
25		0.2662		0.3231		0.0000		0.5247		0.00044566
26		0.2600		0.3222		0.0000		0.5371		0.00044338
27		0.2586		0.3178		0.0000		0.5504		0.00044110
28		0.2508		0.3223		0.0000		0.5400		0.00043882
29		0.2541		0.3282		0.0000		0.5275		0.00043653
30		0.2395		0.3143		0.0000		0.5325		0.00043425
31		0.2440		0.3037		0.0000		0.5690		0.00043196
32		0.2407		0.3036		0.0000		0.5544		0.00042968
33		0.2432		0.2987		0.0000		0.5616		0.00042739
34		0.2351		0.2897		0.0000		0.5686		0.00042510
35		0.2252		0.2933		0.0000		0.5667		0.00042281
36		0.2251		0.3124		0.0000		0.5415		0.00042051
37		0.2320		0.3419		0.0000		0.5222		0.00041822
38		0.2240		0.2881		0.0000		0.5677		0.00041592
39		0.2299		0.2989		0.0000		0.5570		0.00041362
40		0.2226		0.3034		0.0000		0.5671		0.00041133
41		0.2156		0.2942		0.0000		0.5618		0.00040903
42		0.2182		0.2979		0.0000		0.5751		0.00040672
43		0.2111		0.2806		0.0000		0.5996		0.00040442
44		0.2123		0.3649		0.0000		0.5193		0.00040212
45		0.2154		0.2824		0.0000		0.5912		0.00039981
46		0.2108		0.3073		0.0000		0.5574		0.00039750
47		0.2145		0.3165		0.0000		0.5761		0.00039520
48		0.2084		0.2897		0.0000		0.5919		0.00039288
49		0.2048		0.2773		0.0000		0.6046		0.00039057
50		0.2042		0.2977		0.0000		0.5721		0.00038826
51		0.2066		0.3148		0.0000		0.5510		0.00038594
52		0.2049		0.2608		0.0000		0.6255		0.00038363
53		0.1969		0.3241		0.0000		0.5336		0.00038131
54		0.2173		0.2882		0.0000		0.5661		0.00037899
55		0.1917		0.2705		0.0000		0.6062		0.00037667
56		0.1884		0.2971		0.0000		0.5830		0.00037435
57		0.1919		0.2940		0.0000		0.5796		0.00037202
58		0.2080		0.3039		0.0000		0.5505		0.00036970
59		0.1992		0.2668		0.0000		0.6056		0.00036737
60		0.1826		0.2651		0.0000		0.6262		0.00036504
61		0.1865		0.3081		0.0000		0.5669		0.00036271
62		0.2065		0.2799		0.0000		0.5843		0.00036038
63		0.1949		0.2702		0.0000		0.6150		0.00035804
64		0.1787		0.2576		0.0000		0.6303		0.00035571
65		0.1908		0.2910		0.0000		0.5707		0.00035337
66		0.1894		0.2676		0.0000		0.6122		0.00035103
67		0.1789		0.2728		0.0000		0.6227		0.00034869
68		0.1789		0.2696		0.0000		0.6202		0.00034635
69		0.1758		0.2765		0.0000		0.5998		0.00034400
70		0.1953		0.2818		0.0000		0.5876		0.00034165
71		0.1889		0.2529		0.0000		0.6344		0.00033931
72		0.1801		0.2702		0.0000		0.6025		0.00033696
73		0.1734		0.2599		0.0000		0.6213		0.00033460
74		0.1712		0.2681		0.0000		0.6241		0.00033225
75		0.1878		0.2797		0.0000		0.6044		0.00032990
76		0.1740		0.2671		0.0000		0.6237		0.00032754
77		0.1760		0.2701		0.0000		0.6053		0.00032518
78		0.1682		0.2644		0.0000		0.6229		0.00032282
79		0.1674		0.2614		0.0000		0.6153		0.00032045
80		0.1885		0.2926		0.0000		0.5788		0.00031809
81		0.1734		0.2595		0.0000		0.6262		0.00031572
82		0.1675		0.2590		0.0000		0.6359		0.00031335
83		0.1731		0.2905		0.0000		0.5934		0.00031098
84		0.1966		0.2596		0.0000		0.6208		0.00030861
85		0.1661		0.2504		0.0000		0.6413		0.00030624
86		0.1725		0.4507		0.0000		0.4921		0.00030386
87		0.1662		0.2551		0.0000		0.6343		0.00030148
88		0.1595		0.2512		0.0000		0.6411		0.00029910
89		0.1624		0.3046		0.0000		0.5914		0.00029671
90		0.1673		0.2650		0.0000		0.6351		0.00029433
91		0.1721		0.2759		0.0000		0.6038		0.00029194
92		0.1611		0.2553		0.0000		0.6293		0.00028955
93		0.1603		0.2759		0.0000		0.6209		0.00028716
94		0.1667		0.2573		0.0000		0.6278		0.00028477
95		0.1642		0.2782		0.0000		0.6140		0.00028237
96		0.1565		0.2605		0.0000		0.6332		0.00027997
97		0.1655		0.2574		0.0000		0.6344		0.00027757
98		0.1567		0.2712		0.0000		0.6289		0.00027517
99		0.1513		0.2566		0.0000		0.6484		0.00027276
100		0.1579		0.2987		0.0000		0.6126		0.00027035
101		0.1695		0.2535		0.0000		0.6392		0.00026794
102		0.1537		0.2812		0.0000		0.6167		0.00026553
103		0.1691		0.2649		0.0000		0.6305		0.00026312
104		0.1525		0.2581		0.0000		0.6290		0.00026070
105		0.1508		0.2599		0.0000		0.6328		0.00025828
106		0.1534		0.2670		0.0000		0.6319		0.00025586
107		0.1531		0.2548		0.0000		0.6418		0.00025343
108		0.1511		0.2736		0.0000		0.6241		0.00025100
109		0.1773		0.2535		0.0000		0.6458		0.00024857
110		0.1475		0.2537		0.0000		0.6486		0.00024614
111		0.1428		0.2523		0.0000		0.6370		0.00024370
112		0.1488		0.2662		0.0000		0.6249		0.00024126
113		0.1587		0.2660		0.0000		0.6380		0.00023882
114		0.1449		0.2625		0.0000		0.6432		0.00023638
115		0.1476		0.3076		0.0000		0.5770		0.00023393
116		0.1487		0.2477		0.0000		0.6475		0.00023148
117		0.1590		0.2704		0.0000		0.6201		0.00022903
118		0.1488		0.2497		0.0000		0.6483		0.00022658
119		0.1389		0.2470		0.0000		0.6505		0.00022412
120		0.1422		0.2704		0.0000		0.6391		0.00022166
121		0.1554		0.2783		0.0000		0.6041		0.00021919
122		0.1428		0.2540		0.0000		0.6567		0.00021672
123		0.1392		0.2554		0.0000		0.6476		0.00021425
124		0.1400		0.2504		0.0000		0.6460		0.00021178
125		0.1469		0.3110		0.0000		0.5790		0.00020930
126		0.1541		0.2623		0.0000		0.6286		0.00020682
127		0.1460		0.2610		0.0000		0.6427		0.00020434
128		0.1354		0.2844		0.0000		0.6145		0.00020185
129		0.1389		0.2685		0.0000		0.6218		0.00019936
130		0.1355		0.2610		0.0000		0.6521		0.00019687
131		0.1450		0.2494		0.0000		0.6534		0.00019437
132		0.1347		0.2630		0.0000		0.6546		0.00019187
133		0.1352		0.2525		0.0000		0.6418		0.00018937
134		0.1323		0.2489		0.0000		0.6556		0.00018686
135		0.1342		0.2656		0.0000		0.6379		0.00018435
136		0.1461		0.2432		0.0000		0.6677		0.00018183
137		0.1312		0.2588		0.0000		0.6556		0.00017931
138		0.1298		0.2464		0.0000		0.6540		0.00017679
139		0.1333		0.2696		0.0000		0.6402		0.00017426
140		0.1317		0.2488		0.0000		0.6580		0.00017173
141		0.1346		0.2508		0.0000		0.6535		0.00016919
142		0.1309		0.2481		0.0000		0.6482		0.00016665
143		0.1306		0.2431		0.0000		0.6581		0.00016411
144		0.1278		0.2435		0.0000		0.6649		0.00016156
145		0.1302		0.2518		0.0000		0.6448		0.00015901
146		0.1309		0.2564		0.0000		0.6449		0.00015645
147		0.1315		0.2762		0.0000		0.6264		0.00015389
148		0.1279		0.2491		0.0000		0.6598		0.00015132
149		0.1245		0.2547		0.0000		0.6506		0.00014875
150		0.1260		0.2655		0.0000		0.6465		0.00014617
151		0.1280		0.2500		0.0000		0.6589		0.00014359
152		0.1263		0.2460		0.0000		0.6591		0.00014100
153		0.1226		0.2513		0.0000		0.6456		0.00013841
154		0.1216		0.2499		0.0000		0.6613		0.00013581
155		0.1219		0.2559		0.0000		0.6571		0.00013321
156		0.1366		0.2519		0.0000		0.6444		0.00013060
157		0.1262		0.2392		0.0000		0.6730		0.00012798
158		0.1202		0.2408		0.0000		0.6760		0.00012536
159		0.1195		0.2395		0.0000		0.6721		0.00012273
160		0.1233		0.2441		0.0000		0.6672		0.00012010
161		0.1199		0.2479		0.0000		0.6587		0.00011746
162		0.1200		0.2418		0.0000		0.6760		0.00011482
163		0.1168		0.2417		0.0000		0.6729		0.00011216
164		0.1166		0.2414		0.0000		0.6761		0.00010950
165		0.1169		0.2418		0.0000		0.6660		0.00010684
166		0.1173		0.2583		0.0000		0.6615		0.00010416
167		0.1148		0.2390		0.0000		0.6692		0.00010148
168		0.1142		0.2387		0.0000		0.6709		0.00009879
169		0.1231		0.2425		0.0000		0.6633		0.00009609
170		0.1149		0.2409		0.0000		0.6713		0.00009338
171		0.1128		0.2402		0.0000		0.6739		0.00009067
172		0.1122		0.2377		0.0000		0.6765		0.00008794
173		0.1128		0.2460		0.0000		0.6671		0.00008521
174		0.1140		0.2554		0.0000		0.6549		0.00008247
175		0.1110		0.2445		0.0000		0.6754		0.00007971
176		0.1116		0.2423		0.0000		0.6785		0.00007695
177		0.1159		0.2454		0.0000		0.6755		0.00007417
178		0.1096		0.2456		0.0000		0.6769		0.00007138
179		0.1093		0.2435		0.0000		0.6730		0.00006858
180		0.1082		0.2423		0.0000		0.6796		0.00006577
181		0.1081		0.2486		0.0000		0.6750		0.00006295
182		0.1078		0.2401		0.0000		0.6805		0.00006011
183		0.1071		0.2455		0.0000		0.6772		0.00005725
184		0.1070		0.2426		0.0000		0.6748		0.00005438
185		0.1064		0.2420		0.0000		0.6773		0.00005149
186		0.1057		0.2414		0.0000		0.6735		0.00004859
187		0.1053		0.2399		0.0000		0.6781		0.00004566
188		0.1047		0.2429		0.0000		0.6734		0.00004272
189		0.1044		0.2492		0.0000		0.6754		0.00003975
190		0.1039		0.2494		0.0000		0.6730		0.00003675
191		0.1044		0.2433		0.0000		0.6757		0.00003373
192		0.1032		0.2433		0.0000		0.6813		0.00003068
193		0.1024		0.2520		0.0000		0.6752		0.00002759
194		0.1025		0.2461		0.0000		0.6782		0.00002447
195		0.1017		0.2395		0.0000		0.6831		0.00002130
196		0.1013		0.2414		0.0000		0.6816		0.00001808
197		0.1014		0.2445		0.0000		0.6776		0.00001479
198		0.1002		0.2413		0.0000		0.6820		0.00001141
199		0.1001		0.2423		0.0000		0.6801		0.00000792
200		0.0998		0.2420		0.0000		0.6806		0.00000425